%YAML:1.0
nmarkers: 16
markersize: 4
tau0: 5
marker_0: "0110011011001101"
marker_1: "0001001110111101"
marker_2: "0010100100100001"
marker_3: "1000101110000010"
marker_4: "0111101101001011"
marker_5: "1101010001111001"
marker_6: "0011010001000001"
marker_7: "0110110001101000"
marker_8: "0111110011010100"
marker_9: "0011100010001101"
marker_10: "0110001001110100"
marker_11: "0010001010010111"
marker_12: "1110111011100011"
marker_13: "0011011110000100"
marker_14: "1101101101101100"
marker_15: "0100011010010010"
